10 10 10 10 10 10 10 10 10 10 10 10 10 10 10 10 10 10 10 10 10 10 10 10 10 10 10 10 10 10 10 10 10 10 10 10 10 10 10 10 10 10 10 10 10 10 10 10 10 10 10 10 10 10 10 10 10 10 10 10 10 10 10 10 10 10 10 10 10 10 10 10 10 10 10 10 10 10 10 10 10 10 10 10 10 10 10 10 10 10 10 10 10 10 10 10 10 10 10 10
10 10 10 10 10 10 10 10 10 10 10 10 10 10 10 10 10 10 10 10 10 10 10 10 10 10 10 10 10 10 10 10 10 10 10 10 10 10 10 10 10 10 10 10 10 10 10 10 10 10 10 10 10 10 10 10 10 10 10 10 10 10 10 10 10 10 10 10 10 10 10 10 10 10 10 10 10 10 10 10 10 10 10 10 10 10 10 10 10 10 10 10 10 10 10 10 10 10 10 10
10 10 10 10 10 10 10 10 10 10 10 10 10 10 10 10 10 10 10 10 10 10 10 10 10 10 10 10 10 10 10 10 10 10 10 10 10 10 10 10 10 10 10 10 10 10 10 10 10 10 10 10 10 10 10 10 10 10 10 10 10 10 10 10 10 10 10 10 10 10 10 10 10 10 10 10 10 10 10 10 10 10 10 10 10 10 10 10 10 10 10 10 10 10 10 10 10 10 10 10
10 10 10 10 10 10 10 10 10 10 10 10 10 10 10 10 10 10 10 10 10 10 10 10 10 10 10 10 10 10 10 10 10 10 10 10 10 10 10 10 10 10 10 10 10 10 10 10 10 10 10 10 10 10 10 10 10 10 10 10 10 10 10 10 10 10 10 10 10 10 10 10 10 10 10 10 10 10 10 10 10 10 10 10 10 10 10 10 10 10 10 10 10 10 10 10 10 10 10 10
10 10 10 10 10 10 10 10 10 10 10 10 10 10 10 10 10 10 10 10 10 10 10 10 10 10 10 10 10 10 10 10 10 10 10 10 10 10 10 10 10 10 10 10 10 10 10 10 10 10 10 10 10 10 10 10 10 10 10 10 10 10 10 10 10 10 10 10 10 10 10 10 10 10 10 10 10 10 10 10 10 10 10 10 10 10 10 10 10 10 10 10 10 10 10 10 10 10 10 10
10 10 10 10 10 10 10 10 10 10 10 10 10 10 10 10 10 10 10 10 10 10 10 10 10 10 10 10 10 10 10 10 10 10 10 10 10 10 10 10 10 10 10 10 10 10 10 10 10 10 10 10 10 10 10 10 10 10 10 10 10 10 10 10 10 10 10 10 10 10 10 10 10 10 10 10 10 10 10 10 10 10 10 10 10 10 10 10 10 10 10 10 10 10 10 10 10 10 10 10
10 10 10 10 10 10 10 10 10 10 10 10 10 10 10 10 10 10 10 10 10 10 10 10 10 10 10 10 10 10 10 10 10 10 10 10 10 10 10 10 10 10 10 10 10 10 10 10 10 10 10 10 10 10 10 10 10 10 10 10 10 10 10 10 10 10 10 10 10 10 10 10 10 10 10 10 10 10 10 10 10 10 10 10 10 10 10 10 10 10 10 10 10 10 10 10 10 10 10 10
10 10 10 10 10 10 10 10 10 10 10 10 10 10 10 10 10 10 10 10 10 10 10 10 10 10 10 10 10 10 10 10 10 10 10 10 10 10 10 10 10 10 10 10 10 10 10 10 10 10 10 10 10 10 10 10 10 10 10 10 10 10 10 10 10 10 10 10 10 10 10 10 10 10 10 10 10 10 10 10 10 10 10 10 10 10 10 10 10 10 10 10 10 10 10 10 10 10 10 10
30 30 30 30 30 30 30 30 30 30 30 30 30 30 30 30 30 30 30 30 30 30 30 30 30 30 30 30 30 30 30 30 30 30 30 30 30 30 30 30 30 30 30 30 30 30 30 30 30 30 30 30 30 30 30 30 30 30 30 30 30 30 30 30 30 30 30 30 30 30 30 30 30 30 30 30 30 30 30 30 30 30 30 30 30 30 30 30 30 30 30 30 30 30 30 30 30 30 30 30
30 30 30 30 30 30 30 30 30 30 30 30 30 30 30 30 30 30 30 30 30 30 30 30 30 30 30 30 30 30 30 30 30 30 30 30 30 30 30 30 30 30 30 30 30 30 30 30 30 30 30 30 30 30 30 30 30 30 30 30 30 30 30 30 30 30 30 30 30 30 30 30 30 30 30 30 30 30 30 30 30 30 30 30 30 30 30 30 30 30 30 30 30 30 30 30 30 30 30 30
30 30 30 30 30 30 30 30 30 30 30 30 30 30 30 30 30 30 30 30 30 30 30 30 30 30 30 30 30 30 30 30 30 30 30 30 30 30 30 30 30 30 30 30 30 30 30 30 30 30 30 30 30 30 30 30 30 30 30 30 30 30 30 30 30 30 30 30 30 30 30 30 30 30 30 30 30 30 30 30 30 30 30 30 30 30 30 30 30 30 30 30 30 30 30 30 30 30 30 30
30 30 30 30 30 30 30 30 30 30 30 30 30 30 30 30 30 30 30 30 30 30 30 30 30 30 30 30 30 30 30 30 30 30 30 30 30 30 30 30 30 30 30 30 30 30 30 30 30 30 30 30 30 30 30 30 30 30 30 30 30 30 30 30 30 30 30 30 30 30 30 30 30 30 30 30 30 30 30 30 30 30 30 30 30 30 30 30 30 30 30 30 30 30 30 30 30 30 30 30
30 30 30 30 30 30 30 30 30 30 30 30 30 30 30 30 30 30 30 30 30 30 30 30 30 30 30 30 30 30 30 30 30 30 30 30 30 30 30 30 30 30 30 30 30 30 30 30 30 30 30 30 30 30 30 30 30 30 30 30 30 30 30 30 30 30 30 30 30 30 30 30 30 30 30 30 30 30 30 30 30 30 30 30 30 30 30 30 30 30 30 30 30 30 30 30 30 30 30 30
30 30 30 30 30 30 30 30 30 30 30 30 30 30 30 30 30 30 30 30 30 30 30 30 30 30 30 30 30 30 30 30 30 30 30 30 30 30 30 30 30 30 30 30 30 30 30 30 30 30 30 30 30 30 30 30 30 30 30 30 30 30 30 30 30 30 30 30 30 30 30 30 30 30 30 30 30 30 30 30 30 30 30 30 30 30 30 30 30 30 30 30 30 30 30 30 30 30 30 30
30 30 30 30 30 30 30 30 30 30 30 30 30 30 30 30 30 30 30 30 30 30 30 30 30 30 30 30 30 30 30 30 30 30 30 30 30 30 30 30 30 30 30 30 30 30 30 30 30 30 30 30 30 30 30 30 30 30 30 30 30 30 30 30 30 30 30 30 30 30 30 30 30 30 30 30 30 30 30 30 30 30 30 30 30 30 30 30 30 30 30 30 30 30 30 30 30 30 30 30
40 40 40 42 24 52 17 10 10 61 19 64 65 63 65 64 63 64 63 65 19 19 19 10 10 10 19 19 10 10 10 10 10 10 10 10 10 64 19 19 19 19 19 19 63 10 10 10 10 52 21 21 21 21 21 21 21 21 21 21 21 21 21 21 21 21 21 21 21 21 21 21 21 21 21 21 21 21 21 21 21 21 21 21 21 21 21 21 21 21 21 21 21 21 21 21 21 21 21 21
40 40 40 42 24 52 62 10 10 61 19 19 19 19 19 19 19 19 19 19 19 19 19 19 19 19 19 10 10 10 10 10 10 10 10 10 10 64 63 64 65 66 19 19 65 10 10 10 10 52 21 21 21 21 21 21 21 21 21 21 21 21 21 21 21 21 21 21 21 21 21 21 21 21 21 21 21 21 21 21 21 21 21 21 21 21 21 21 21 21 21 21 21 21 21 21 21 21 21 21
40 40 40 40 46 53 51 53 17 61 19 10 10 10 10 10 10 10 10 10 19 19 10 10 10 10 10 10 10 10 10 10 10 10 10 10 10 10 10 10 10 63 19 19 64 10 10 10 10 52 21 21 21 21 21 21 21 21 21 21 21 21 21 21 21 21 21 21 21 21 21 21 21 21 21 21 21 21 21 21 21 21 21 21 21 21 21 21 21 21 21 21 21 21 21 21 21 21 21 21
40 40 40 40 42 10 10 52 51 61 19 10 10 10 10 10 10 10 10 10 19 19 10 10 10 10 10 10 10 10 10 10 10 10 10 10 10 10 10 10 10 64 19 19 63 10 10 10 10 52 21 21 21 21 21 21 21 21 21 21 21 21 21 21 21 21 21 21 21 21 21 21 21 21 21 21 21 21 21 21 21 21 21 21 21 21 21 21 21 21 21 21 21 21 21 21 21 21 21 21
40 40 40 40 40 46 10 10 52 51 53 10 10 10 10 10 10 10 10 10 19 19 10 10 10 10 10 10 10 10 10 10 10 10 10 10 10 10 10 10 10 10 19 19 10 10 10 10 10 52 21 21 21 21 21 21 21 21 21 21 21 21 21 21 21 21 21 21 21 21 21 21 21 21 21 21 21 21 21 21 21 21 21 21 21 21 21 21 21 21 21 21 21 21 21 21 21 21 21 21
40 40 40 40 40 40 46 10 10 10 52 51 51 53 10 10 10 10 10 10 19 19 10 10 10 10 10 10 10 10 10 10 10 10 10 10 10 10 10 10 10 10 19 19 10 10 10 10 10 52 21 21 21 21 21 21 21 21 21 21 21 21 21 21 21 21 21 21 21 21 21 21 21 21 21 21 21 21 21 21 21 21 21 21 21 21 21 21 21 21 21 21 21 21 21 21 21 21 21 21
40 40 40 40 40 40 40 41 41 46 10 10 10 52 51 51 51 51 51 51 19 19 51 51 51 51 51 51 51 51 51 51 51 51 51 51 10 10 10 10 10 10 19 19 10 10 10 10 10 52 21 21 21 21 21 21 21 21 21 21 21 21 21 21 21 21 21 21 21 21 21 21 21 21 21 21 21 21 21 21 21 21 21 21 21 21 21 21 21 21 21 21 21 21 21 21 21 21 21 21
40 40 40 10 40 40 40 40 40 40 41 41 46 10 10 10 10 10 10 10 19 19 10 10 10 10 10 10 10 10 10 10 10 10 10 53 52 10 10 10 10 10 10 10 10 10 10 10 10 52 21 21 21 21 21 21 21 21 21 21 21 21 21 21 21 21 21 21 21 21 21 21 21 21 21 21 21 21 21 21 21 21 21 21 21 21 21 21 21 21 21 21 21 21 21 21 21 21 21 21
40 40 10 10 24 40 40 40 40 40 40 40 40 41 41 41 41 41 41 41 49 49 41 41 41 41 41 41 41 41 41 10 10 10 10 10 52 51 51 51 51 51 51 51 51 51 51 51 51 53 21 21 21 21 21 21 21 21 21 21 21 21 21 21 21 21 21 21 21 21 21 21 21 21 21 21 21 21 21 21 21 21 21 21 21 21 21 21 21 21 21 21 21 21 21 21 21 21 21 21
40 40 10 10 10 10 40 40 40 40 40 40 40 40 40 40 40 40 40 40 49 49 40 40 40 40 40 40 40 40 40 41 41 10 10 10 10 10 10 10 10 10 10 10 10 10 10 10 10 10 21 21 21 21 21 21 21 21 21 21 21 21 21 21 21 21 21 21 21 21 21 21 21 21 21 21 21 21 21 21 21 21 21 21 21 21 21 21 21 21 21 21 21 21 21 21 21 21 21 21
40 40 10 10 10 10 10 10 40 40 40 40 40 40 40 40 40 40 40 40 49 49 40 40 40 40 40 40 40 40 40 40 40 41 10 10 10 10 10 10 10 10 10 10 10 10 10 10 10 10 10 10 10 10 10 10 10 10 10 10 10 10 10 10 10 10 10 10 10 10 10 10 10 10 10 10 10 10 10 10 10 10 10 80 80 80 80 80 80 80 80 80 80 80 80 80 80 80 80 80
40 40 10 10 10 10 10 10 10 10 10 40 40 40 40 40 40 40 40 40 49 49 40 40 40 40 40 40 40 40 40 40 40 40 41 41 41 10 10 10 10 10 10 10 10 10 10 10 10 10 10 10 10 10 10 10 10 10 10 10 10 10 10 10 10 10 10 10 10 10 10 10 10 10 10 10 10 10 10 10 10 10 10 80 80 80 80 80 80 80 80 80 80 80 80 80 80 80 80 80
40 42 24 24 24 24 24 24 24 24 10 10 10 40 40 40 40 40 40 40 49 49 40 40 40 40 40 40 40 40 40 40 40 40 40 40 40 41 41 10 10 10 10 10 10 10 10 10 10 10 10 10 10 10 10 10 10 10 10 10 10 10 10 10 10 10 10 10 10 10 10 10 10 10 10 10 10 10 10 10 10 10 10 80 80 80 80 80 80 80 80 80 80 80 80 80 80 80 80 80
40 42 24 24 24 24 24 24 24 24 10 10 10 10 10 10 10 10 10 73 49 49 73 10 10 10 10 10 10 10 10 40 40 40 40 40 40 40 40 41 41 41 10 10 10 10 10 10 10 10 10 10 10 10 10 10 10 10 10 10 10 10 10 10 10 10 10 10 10 10 10 10 10 10 10 10 10 10 10 10 10 10 10 80 80 80 80 80 80 80 80 80 80 80 80 80 80 80 80 80
40 42 24 24 24 24 24 24 24 24 10 10 10 10 10 10 10 10 10 73 11 11 73 10 10 10 10 10 10 10 10 10 10 40 40 40 40 40 40 40 40 40 41 10 10 10 10 10 10 10 10 10 10 10 10 10 10 10 10 10 10 10 10 10 10 10 10 10 10 10 10 10 10 10 10 10 10 10 10 10 10 10 10 80 80 80 80 80 80 80 80 80 80 80 80 80 80 80 80 80
40 42 24 24 24 24 24 24 24 24 10 10 10 10 10 10 10 10 10 73 11 11 73 10 10 10 10 10 10 10 10 10 10 10 40 40 40 40 40 40 40 40 40 41 10 10 10 10 10 10 10 10 10 10 10 10 10 10 10 10 10 10 10 10 10 10 10 10 10 10 10 10 10 10 10 10 10 10 10 10 10 10 10 80 80 80 80 80 80 80 80 80 80 80 80 80 80 80 80 80
40 42 24 24 24 24 24 24 24 24 10 10 10 10 10 10 10 10 10 73 11 11 73 10 10 10 10 10 10 10 10 10 10 10 10 10 73 40 40 40 40 40 40 40 41 41 41 41 41 10 10 10 10 10 10 10 10 10 10 10 10 10 10 10 10 10 10 10 10 10 10 10 10 10 10 10 10 10 10 10 10 10 10 80 80 80 80 80 80 80 80 80 80 80 80 80 80 80 80 80
40 42 24 24 24 24 24 24 24 24 10 10 10 10 10 10 10 10 10 73 11 11 73 10 10 10 10 10 10 10 10 10 10 10 10 10 73 10 10 40 40 40 40 40 40 40 40 40 40 41 10 10 10 10 10 10 10 10 10 10 10 10 10 10 10 10 10 10 10 10 10 10 10 10 10 10 10 10 10 10 10 10 10 80 80 80 80 80 80 80 80 80 80 80 80 80 80 80 80 80
40 42 24 24 24 24 24 24 24 24 10 10 10 10 10 10 10 10 10 73 11 11 73 10 10 10 10 10 10 10 10 10 10 10 10 10 73 10 10 10 10 10 40 40 40 40 40 40 40 40 41 10 10 10 10 10 10 10 10 10 10 10 10 10 10 10 10 10 10 10 10 10 10 10 10 10 10 10 10 10 10 10 10 80 80 80 80 80 80 80 80 80 80 80 80 80 80 80 80 80
40 42 24 24 24 24 24 24 24 24 10 10 10 10 10 10 10 10 10 73 11 11 73 10 10 10 10 10 10 10 11 11 10 10 10 10 73 10 10 10 10 10 40 40 40 40 40 40 40 40 40 10 10 10 10 10 10 10 10 10 10 10 10 10 10 10 10 10 10 10 10 10 10 10 10 10 10 10 10 10 10 10 10 80 80 80 80 80 80 80 80 80 80 80 80 80 80 80 80 80
40 42 24 24 24 24 24 24 24 24 72 72 10 72 72 72 72 72 72 72 11 11 72 72 72 72 72 72 72 10 72 72 72 10 10 10 72 10 10 10 10 10 10 10 10 40 40 40 40 40 40 41 41 10 10 10 10 10 10 10 10 10 10 10 10 10 10 10 10 10 10 10 10 10 10 10 10 10 10 10 10 10 10 80 80 80 80 80 80 80 80 80 80 80 80 80 80 80 80 80
40 42 24 24 24 24 24 24 24 24 10 10 10 10 18 18 18 18 18 18 18 18 18 18 18 10 10 10 10 10 10 10 73 10 10 10 73 10 10 10 10 10 10 10 10 10 73 10 10 40 40 40 40 41 10 10 10 10 10 10 10 10 10 10 10 10 10 10 10 10 10 10 10 10 10 10 10 10 10 10 10 10 10 80 80 80 80 80 80 80 80 80 80 80 80 80 80 80 80 80
40 42 24 24 24 24 24 24 24 24 10 10 10 10 18 18 18 18 18 18 18 18 18 18 18 11 11 11 10 10 10 10 73 10 10 10 73 10 10 10 10 10 10 10 10 10 73 10 10 10 40 40 40 40 41 41 41 10 10 10 10 10 10 10 10 10 10 10 10 10 10 10 10 10 10 10 10 10 10 10 10 10 10 80 80 80 80 80 80 80 80 80 80 80 80 80 80 80 80 80
40 42 24 24 24 24 24 24 24 24 10 10 10 10 18 18 18 18 18 18 18 18 18 18 18 10 10 10 10 10 10 10 73 72 72 72 73 10 10 10 10 10 10 10 10 10 73 10 10 10 10 40 40 40 40 40 40 41 41 10 10 10 10 10 10 10 10 10 10 10 10 10 10 10 10 10 10 10 10 10 10 10 10 80 80 80 80 80 80 80 80 80 80 80 80 80 80 80 80 80
40 42 24 24 24 24 24 24 24 24 10 10 10 10 18 18 18 18 18 18 18 18 18 18 18 10 10 10 10 10 10 10 73 10 10 10 73 10 10 10 10 10 10 10 10 10 73 10 10 10 10 10 10 40 40 40 40 40 40 10 10 10 10 10 10 10 10 10 10 10 10 10 10 10 10 10 10 10 10 10 10 10 10 10 10 10 10 10 10 10 10 10 10 10 10 10 10 10 10 10
40 42 24 24 24 24 24 24 24 24 10 10 10 10 18 18 18 18 18 18 18 18 18 18 18 10 10 10 10 10 10 10 73 10 10 10 73 10 10 10 10 10 10 10 10 10 73 10 10 10 10 10 10 10 40 40 40 40 40 41 41 41 41 10 49 49 10 10 10 10 10 10 10 10 10 10 10 10 10 10 10 10 10 10 10 10 10 10 10 10 10 10 10 10 10 10 10 10 10 10
40 42 24 24 24 24 24 24 24 24 72 72 72 72 72 72 72 72 72 72 72 10 11 11 10 72 72 10 72 72 72 72 72 10 10 10 72 10 10 10 10 10 10 10 10 10 73 10 10 10 10 10 10 10 10 10 10 40 40 40 40 40 40 41 49 49 41 41 41 41 41 41 41 41 41 41 41 41 41 41 41 41 41 41 41 41 41 41 41 41 41 41 41 41 41 41 41 41 41 41
40 42 24 24 24 24 24 24 24 24 73 10 10 10 10 10 10 10 10 10 73 10 11 11 10 73 10 10 10 10 10 10 10 10 10 10 73 10 10 10 10 10 10 10 10 10 73 10 10 10 10 10 10 10 10 10 10 10 40 40 40 40 40 40 49 49 40 40 40 40 40 40 40 40 40 40 40 40 40 40 40 40 40 40 40 40 40 40 40 40 40 40 40 40 40 40 40 40 40 40
40 42 24 24 24 24 24 24 24 24 73 10 10 10 10 10 10 10 10 10 73 10 11 11 10 73 10 10 10 10 10 10 10 10 10 10 73 10 10 10 10 10 10 10 10 10 73 10 10 10 10 10 10 10 10 10 10 10 10 40 40 40 40 40 49 49 40 40 40 40 40 40 40 40 40 40 40 40 40 40 40 40 40 40 40 40 40 40 40 40 40 40 40 40 40 40 40 40 40 40
40 42 24 24 24 24 24 24 24 24 73 10 10 10 10 10 10 10 10 10 73 10 11 11 10 73 10 10 10 10 10 10 10 10 10 10 73 10 10 10 10 10 10 10 10 10 73 10 10 10 10 10 10 10 10 10 10 10 10 10 10 10 10 40 49 49 40 40 40 40 40 40 40 40 40 40 40 40 40 40 40 40 40 40 40 40 40 40 40 40 40 40 40 40 40 40 40 40 40 40
40 42 24 24 24 24 24 24 24 24 73 10 10 10 10 10 10 10 10 10 73 10 11 11 10 73 10 10 10 10 10 10 10 10 10 10 73 10 10 10 10 10 10 10 10 10 73 10 10 10 10 10 10 10 10 10 10 10 10 10 10 10 10 10 49 49 10 10 71 80 80 80 80 80 80 80 80 80 80 80 80 80 80 80 80 80 80 80 80 80 80 80 80 80 80 80 80 80 80 80
40 42 24 24 24 24 24 24 24 24 73 10 10 10 10 10 10 10 10 10 73 10 11 11 10 73 10 10 10 10 10 10 10 10 10 10 73 10 10 10 10 10 10 10 10 10 73 10 10 10 10 10 10 10 10 10 10 10 10 10 10 10 10 10 11 11 10 10 71 80 80 80 80 80 80 80 80 80 80 80 80 80 80 80 80 80 80 80 80 80 80 80 80 80 80 80 80 80 80 80
40 42 24 24 24 24 24 24 24 24 73 10 10 10 10 10 10 10 10 10 10 10 11 11 10 73 10 10 10 10 10 10 10 10 10 10 73 10 10 10 10 10 10 10 10 10 73 10 10 10 10 10 10 10 10 10 10 10 10 10 10 10 10 10 11 11 10 10 71 80 80 80 80 80 80 80 80 80 80 80 80 80 80 80 80 80 80 80 80 80 80 80 80 80 80 80 80 80 80 80
40 42 24 24 24 24 24 24 24 24 73 10 10 10 10 10 10 10 10 10 73 10 11 11 10 73 10 10 10 10 10 10 10 10 10 10 73 10 10 10 10 10 10 10 10 10 73 10 10 10 10 10 10 10 10 10 10 10 10 10 10 10 10 10 11 11 10 10 71 80 80 80 80 80 80 80 80 80 80 80 80 80 80 80 80 80 80 80 80 80 80 80 80 80 80 80 80 80 80 80
40 42 24 24 24 24 24 24 24 24 73 10 10 10 10 10 10 10 10 10 73 10 11 11 10 72 72 72 72 72 72 72 72 72 72 72 72 72 72 72 10 72 72 72 72 72 72 10 10 10 10 10 10 10 10 10 10 10 10 10 10 10 10 10 11 11 10 10 71 80 80 80 80 80 80 80 80 80 80 80 80 80 80 80 80 80 80 80 80 80 80 80 80 80 80 80 80 80 80 80
40 42 24 24 24 24 24 24 24 72 72 72 72 72 72 72 72 72 72 72 72 10 11 11 10 10 10 10 10 10 10 10 10 10 10 10 10 10 10 10 10 10 10 10 10 10 10 10 10 10 10 10 10 10 10 10 10 10 10 10 10 10 10 10 11 11 10 10 71 80 80 80 80 80 80 80 80 80 80 80 80 80 80 80 80 80 80 80 80 80 80 80 80 80 80 80 80 80 80 80
40 42 24 24 24 24 24 24 24 24 10 10 10 10 10 10 10 10 10 10 10 24 11 11 16 16 16 16 16 16 16 16 16 16 16 16 16 16 16 16 16 16 16 16 16 16 16 16 16 16 16 16 16 16 16 16 16 16 16 16 16 16 16 16 16 16 10 10 71 80 80 80 80 80 80 80 80 80 80 80 80 80 80 80 80 80 80 80 80 80 80 80 80 80 80 80 80 80 80 80
40 42 24 24 24 24 24 24 24 24 24 24 24 24 24 24 24 24 24 24 24 10 11 11 16 16 16 16 16 16 16 16 16 16 16 16 16 16 16 16 16 16 16 16 16 16 16 16 16 16 16 16 16 16 16 16 16 16 16 16 16 16 16 16 16 16 10 10 71 80 80 80 80 80 80 80 80 80 80 80 80 80 80 80 80 80 80 80 80 80 80 80 80 80 80 80 80 80 80 80
40 42 24 24 24 24 24 24 24 24 24 24 24 24 24 24 24 24 24 24 10 10 11 11 10 10 10 10 10 10 10 10 10 10 10 10 10 10 10 10 10 10 10 10 10 10 10 10 10 10 10 10 10 10 10 10 10 10 10 10 10 10 10 10 10 10 10 10 71 80 80 80 80 80 80 80 80 80 80 80 80 80 80 80 80 80 80 80 80 80 80 80 80 80 80 80 80 80 80 80
40 42 24 24 24 24 24 24 24 24 24 24 24 24 24 24 24 24 24 24 10 11 11 11 10 10 10 10 10 10 10 10 10 10 10 10 10 10 10 10 10 10 10 10 10 10 10 10 10 10 10 10 10 10 10 10 10 10 10 10 10 10 10 10 10 10 10 10 71 80 80 80 80 80 80 80 80 80 80 80 80 80 80 80 80 80 80 80 80 80 80 80 80 80 80 80 80 80 80 80
40 42 24 24 24 24 24 24 24 24 24 24 24 24 24 24 24 24 24 24 10 11 11 11 10 10 10 10 10 10 10 10 10 10 10 10 10 10 10 10 10 10 10 10 10 10 10 10 10 10 10 10 10 10 10 10 10 10 10 10 10 10 10 10 10 10 10 10 71 80 80 80 80 80 80 80 80 80 80 80 80 80 80 80 80 80 80 80 80 80 80 80 80 80 80 80 80 80 80 80
40 42 24 24 24 24 24 24 24 24 24 24 24 24 24 24 24 24 24 24 10 11 11 10 10 10 10 10 10 10 10 10 10 10 10 10 10 10 10 10 10 10 10 10 10 10 10 10 10 10 10 10 10 10 10 10 10 10 10 10 10 10 10 10 10 10 10 10 71 80 80 80 80 80 80 80 80 80 80 80 80 80 80 80 80 80 80 80 80 80 80 80 80 80 80 80 80 80 80 80
40 42 24 24 24 24 24 24 24 24 24 24 24 24 24 24 24 24 24 24 10 11 11 10 10 10 10 10 10 10 10 10 10 10 10 10 10 10 10 10 10 10 10 10 10 10 10 10 10 10 10 10 10 10 10 10 10 10 10 10 10 10 10 10 10 10 10 10 71 80 80 80 80 80 80 80 80 80 80 80 80 80 80 80 80 80 80 80 80 80 80 80 80 80 80 80 80 80 80 80
40 42 24 24 24 24 24 24 24 24 24 24 24 24 24 24 24 24 24 24 10 11 11 10 10 10 10 10 10 10 10 10 10 10 10 10 10 10 10 10 10 10 10 10 10 10 10 10 10 10 10 10 10 10 10 10 10 10 10 10 10 10 10 10 10 10 10 10 71 80 80 80 80 80 80 80 80 80 80 80 80 80 80 80 80 80 80 80 80 80 80 80 80 80 80 80 80 80 80 80
40 42 24 24 24 24 24 24 24 24 24 24 24 24 24 24 24 24 24 24 10 11 11 10 10 10 10 10 10 10 10 10 10 10 10 10 10 10 10 10 10 10 10 10 10 10 10 10 10 10 10 10 10 10 10 10 10 10 10 10 10 10 10 10 10 10 10 10 71 80 80 80 80 80 80 80 80 80 80 80 80 80 80 80 80 80 80 80 80 80 80 80 80 80 80 80 80 80 80 80
40 42 24 24 24 24 24 24 24 24 24 24 24 24 24 24 24 24 24 24 10 11 11 10 10 10 10 10 10 10 10 10 10 10 10 10 10 10 10 10 10 10 10 10 10 10 10 10 10 10 10 10 10 10 10 10 10 10 10 10 10 10 10 10 10 10 10 10 71 80 80 80 80 80 80 80 80 80 80 80 80 80 80 80 80 80 80 80 80 80 80 80 80 80 80 80 80 80 80 80
40 42 24 24 24 24 24 24 24 24 24 24 24 24 24 24 24 24 24 24 24 24 24 24 24 24 24 24 24 24 24 24 24 24 24 24 24 24 24 24 24 24 24 24 24 24 24 24 24 24 24 24 24 24 24 24 24 24 24 24 24 24 24 24 24 24 24 24 24 24 24 24 24 24 24 24 24 24 24 24 24 24 24 24 24 24 24 24 24 24 24 24 24 24 24 24 24 24 24 24
40 42 24 24 24 24 24 24 24 24 24 24 24 24 24 24 24 24 24 24 24 24 24 24 24 24 24 24 24 24 24 24 24 24 24 24 24 24 24 24 24 24 24 24 24 24 24 24 24 24 24 24 24 24 24 24 24 24 24 24 24 24 24 24 24 24 24 24 24 24 24 24 24 24 24 24 24 24 24 24 24 24 24 24 24 24 24 24 24 24 24 24 24 24 24 24 24 24 24 24
40 42 24 24 24 24 24 24 24 24 24 24 24 24 24 24 24 24 24 24 24 24 24 24 24 24 24 24 24 24 24 24 24 24 24 24 24 24 24 24 24 24 24 24 24 24 24 24 24 24 24 24 24 24 24 24 24 24 24 24 24 24 24 24 24 24 24 24 24 24 24 24 24 24 24 24 24 24 24 24 24 24 24 24 24 24 24 24 24 24 24 24 24 24 24 24 24 24 24 24
40 42 24 24 24 24 24 24 24 24 24 24 24 24 24 24 24 24 24 24 24 24 24 24 24 24 24 24 24 24 24 24 24 24 24 24 24 24 24 24 24 24 24 24 24 24 24 24 24 24 24 24 24 24 24 24 24 24 24 24 24 24 24 24 24 24 24 24 24 24 24 24 24 24 24 24 24 24 24 24 24 24 24 24 24 24 24 24 24 24 24 24 24 24 24 24 24 24 24 24
40 42 24 24 24 24 24 24 24 24 24 24 24 24 24 24 24 24 24 24 24 24 24 24 24 24 24 24 24 24 24 24 24 24 24 24 24 24 24 24 24 24 24 24 24 24 24 24 24 24 24 24 24 24 24 24 24 24 24 24 24 24 24 24 24 24 24 24 24 24 24 24 24 24 24 24 24 24 24 24 24 24 24 24 24 24 24 24 24 24 24 24 24 24 24 24 24 24 24 24
40 42 24 24 24 24 24 24 24 24 24 24 24 24 24 24 24 24 24 24 24 24 24 24 24 24 24 24 24 24 24 24 24 24 24 24 24 24 24 24 24 24 24 24 24 24 24 24 24 24 24 24 24 24 24 24 24 24 24 24 24 24 24 24 24 24 24 24 24 24 24 24 24 24 24 24 24 24 24 24 24 24 24 24 24 24 24 24 24 24 24 24 24 24 24 24 24 24 24 24
40 42 24 24 24 24 24 24 24 24 24 24 24 24 24 24 24 24 24 24 24 24 24 24 24 24 24 24 24 24 24 24 24 24 24 24 24 24 24 24 24 24 24 24 24 24 24 24 24 24 24 24 24 24 24 24 24 24 24 24 24 24 24 24 24 24 24 24 24 24 24 24 24 24 24 24 24 24 24 24 24 24 24 24 24 24 24 24 24 24 24 24 24 24 24 24 24 24 24 24
40 42 24 24 24 24 24 24 24 24 24 24 24 24 24 24 24 24 24 24 24 24 24 24 24 24 24 24 24 24 24 24 24 24 24 24 24 24 24 24 24 24 24 24 24 24 24 24 24 24 24 24 24 24 24 24 24 24 24 24 24 24 24 24 24 24 24 24 24 24 24 24 24 24 24 24 24 24 24 24 24 24 24 24 24 24 24 24 24 24 24 24 24 24 24 24 24 24 24 24
40 42 24 24 24 24 24 24 24 24 24 24 24 24 24 24 24 24 24 24 24 24 24 24 24 24 24 24 24 24 24 24 24 24 24 24 24 24 24 24 24 24 24 24 24 24 24 24 24 24 24 24 24 24 24 24 24 24 24 24 24 24 24 24 24 24 24 24 24 24 24 24 24 24 24 24 24 24 24 24 24 24 24 24 24 24 24 24 24 24 24 24 24 24 24 24 24 24 24 24